url,name,address,city,state,phone
https://www.bennett-tax.com/,Results,"30240 SW Parkway Ave #100, Wilsonville, OR 97070",Wilsonville,OR,(503) 582-0181
http://www.danieldollinger.com/,Results,"28652 SW Costa Cir E, Wilsonville, OR 97070",Wilsonville,OR,(503) 570-8727
https://wilsonville.padgettadvisors.com/,Results,"8855 SW Holly St #118, Wilsonville, OR 97070",Wilsonville,OR,(503) 905-9583
http://www.sherwoodcpas.com/,Results,"22814 SW Forest Creek Dr Unit 102, Sherwood, OR 97140",Sherwood,OR,(503) 625-1353
https://singhservicescpa.com/,Results,"8560 SW Salish Ln Suite 500, Wilsonville, OR 97070",Wilsonville,OR,(503) 966-2970
http://www.hkaplancpa.com/,Results,,Wilsonville,OR,(503) 739-4029
http://www.sherwoodtax.com/,Results,"22467 SW Ash St, Sherwood, OR 97140",Sherwood,OR,(503) 925-4558
http://www.classfouraccounting.com/,Results,"29392 SW Tami Loop #127, Wilsonville, OR 97070",Wilsonville,OR,(503) 673-3845
https://www.hrblock.com/tax-office-near-me/oregon/wilsonville/36349/?otppartnerid=9308&campaignid=pw_mcm_9308_9762&utm_medium=local,Results,"29702 Town Center Loop E, Wilsonville, OR 97070",Wilsonville,OR,(503) 682-2586
http://www.douglasscpa.com/,Results,"113 NW 3rd Ave, Canby, OR 97013",Canby,OR,(503) 266-2272
https://www.cpawa.com/,Results,"190 N Douglas St, Canby, OR 97013",Canby,OR,(503) 266-7545
http://www.hilltaxandconsulting.com/,Results,"22455 SW Oak St, Sherwood, OR 97140",Sherwood,OR,(503) 679-1290
https://darkhorse.cpa/locations/portland-cpa-firm/,Results,,Wilsonville,OR,(619) 736-1404
http://www.cpaservice.com/,Results,"4470 SW Hall Blvd, Beaverton, OR 97005",Beaverton,OR,(503) 747-4560
https://www.classicchoicepayroll.com/,Results,"8755 SW Citizens Dr #201, Wilsonville, OR 97070",Wilsonville,OR,(503) 487-0817
http://www.jandmaccountingservice.com/,Results,"130 SW 2nd Ave UNIT 102, Canby, OR 97013",Canby,OR,(503) 263-4705
http://www.strictlyaccountingllc.com/,Results,"17777 Pilkington Rd, Lake Oswego, OR 97035",Lake Oswego,OR,(503) 594-0266
https://www.redskyfinancialplanning.com/,Results,"29030 SW Town Center Loop E Ste 202-251, Wilsonville, OR 97070",Wilsonville,OR,(503) 703-6765
https://www.fosterassoc.com/,Results,"25195 SW Parkway Ave #201, Wilsonville, OR 97070",Wilsonville,OR,(503) 443-1155
https://www.jbscpa.com/,Results,"12205 SW Tualatin Rd Unit 270, Tualatin, OR 97062",Tualatin,OR,(503) 297-4840
http://www.northwillamettetax.com/,Results,"181 N Grant St #202, Canby, OR 97013",Canby,OR,(503) 263-3242
http://abookkeepings.com/,Results,,Wilsonville,OR,(919) 637-8392
http://bbspdx.com/,Results,"12205 SW Tualatin Rd UNIT 210, Tualatin, OR 97062",Tualatin,OR,(503) 639-2165
http://www.handyreagan.com/,Results,"4550 Kruse Way #330, Lake Oswego, OR 97035",Lake Oswego,OR,(503) 635-6100
http://www.alladdsup.org/,Results,"8600 SW Salish Ln Suite #8, Wilsonville, OR 97070",Wilsonville,OR,(503) 925-9500
http://www.mhuntercpa.com/,Results,"18295 SW Alton St, Beaverton, OR 97003",Beaverton,OR,(503) 591-8838
http://www.wantcpa.com/,Results,"105 N Main St, Newberg, OR 97132",Newberg,OR,(503) 538-5023
https://www.hendersongunnerson.com/,Results,,Wilsonville,OR,(971) 232-2346
http://www.mitchellaccounting.com/,Results,"605 High St, Oregon City, OR 97045",Oregon City,OR,(503) 722-8818
http://www.webbookk.com/,Results,"14596 SW Oregon St, Sherwood, OR 97140",Sherwood,OR,(503) 343-4800
http://www.gopinnacleaccounting.com/,Results,,Wilsonville,OR,(503) 333-8429
http://www.dpnicoli.com/,Results,"28370 SW Boberg Rd, Wilsonville, OR 97070",Wilsonville,OR,(503) 692-6080
https://fergusonaccounting.co/,Results,,Wilsonville,OR,(541) 980-5807
https://www.iasinpdx.com/,Results,"15929 SW Oriole Ct, Sherwood, OR 97140",Sherwood,OR,(503) 899-3779
http://combinedbusinessservices.net/,Results,"416 N Molalla Ave, Molalla, OR 97038",Molalla,OR,(503) 829-2058
http://www.pacificaccountingsolutions.com/,Results,,Wilsonville,OR,(503) 799-4041
http://www.crestwoodcs.com/,Results,"22566 SW Washington St #208, Sherwood, OR 97140",Sherwood,OR,(503) 610-1031
https://www.clackamas.edu/student-life/campuses-buildings-hours/wilsonville-campus?utm_source=google&utm_medium=organic&utm_campaign=google_business_profile&utm_content=wilsonville_campus,Results,"29353 SW Town Center Loop E, Wilsonville, OR 97070",Wilsonville,OR,(503) 594-0940
http://www.orepac.com/,Results,"30170 SW Ore Pac Ave, Wilsonville, OR 97070",Wilsonville,OR,(877) 467-3722
https://connect.thrivent.com/robin-welch?utm_source=GMB&utm_medium=Yext&y_source=1_MjAxODExOTExOS03MTUtbG9jYXRpb24ud2Vic2l0ZQ%3D%3D,Results,"8600 SW Salish Ln Ste. 3, Wilsonville, OR 97070",Wilsonville,OR,(503) 343-1000
http://www.qisllc.com/,Results,"8560 SW Salish Ln #200, Wilsonville, OR 97070",Wilsonville,OR,(503) 682-0615
https://nwbookkeepers.com/,Results,,Wilsonville,OR,(971) 570-8216
http://www.continental-brokers.com/,Results,"8890 SW Holly St, Wilsonville, OR 97070",Wilsonville,OR,(503) 682-1822
https://breakawayba.com/contact-us,Results,"22467 SW Ash St, Sherwood, OR 97140",Sherwood,OR,(503) 512-9877
https://locations.columbiabank.com/or/wilsonville/29702-sw-town-center-loop-w,Results,"29702 Town Center Loop W Suite A, Wilsonville, OR 97070",Wilsonville,OR,(503) 682-9818
http://www.simplyhonestbookkeeping.com/,Results,,Wilsonville,OR,(503) 896-4708
https://www.trilliamaccounting.com/,Results,,Wilsonville,OR,(503) 457-6871
https://www.orepac.com/,Results,"30160 SW Ore Pac Ave, Wilsonville, OR 97070",Wilsonville,OR,(503) 682-5050
http://www.peacockcpaworx.com/,Results,"7770 3rd St SE #101, Turner, OR 97392",Turner,OR,(503) 743-1049
http://www.iasinpdx.com/,Results,,Wilsonville,OR,(503) 899-3779
https://www.usbank.com/locations/oregon/wilsonville/29112-sw-town-center-loop-w-bank-atm/?utm_source=google&utm_medium=organic&utm_campaign=gbp_listing,Results,"29112 Town Center Loop W, Wilsonville, OR 97070",Wilsonville,OR,(503) 682-4880
https://www.chase.com/locator/banking/us/or/wilsonville/8231-sw-wilsonville-rd?jp_cmp=rb%2FLocalListings%2Faff%2Fbranch%2Fna&y_source=1_MjA0MDIwNi03MTUtbG9jYXRpb24ud2Vic2l0ZQ%3D%3D,Results,"8231 SW Wilsonville Rd, Wilsonville, OR 97070",Wilsonville,OR,(503) 682-5723
http://www.iandeconstruction.com/,Results,"27375 SW Parkway Ave, Wilsonville, OR 97070",Wilsonville,OR,(503) 655-7933
https://lumaaccounting.com/,Results,,Wilsonville,OR,(503) 308-1087
http://canbytaxcenter.com/,Results,"181 N Grant St Unit 102, Canby, OR 97013",Canby,OR,(503) 266-2123
https://www.hendricksonassociates.com/,Results,,Wilsonville,OR,(503) 822-5377
http://hustontax.net/,Results,"1800 Blankenship Rd Ste 221, West Linn, OR 97068",West Linn,OR,(503) 303-5288
http://www.rotecpa.com/,Results,"7427 SW Coho Ct, Tualatin, OR 97062",Tualatin,OR,(503) 272-6264
http://www.healthybodiesoffinance.com/,Results,"19365 SW 65th Ave suite 105-a, Tualatin, OR 97062",Tualatin,OR,(971) 337-0444
https://wc-tax.com/,Results,,Wilsonville,OR,(509) 990-6301
https://www.jonesandham.com/,Results,"14475 SW Allen Blvd, Beaverton, OR 97005",Beaverton,OR,(503) 643-6333
https://precisioncountertops.com/,Results,"25540 SW Garden Acres Rd, Wilsonville, OR 97070",Wilsonville,OR,(503) 692-6660
https://hendricksonassociates.com/,Results,,Wilsonville,OR,(503) 701-6498
https://pdxbookkeeper.com/,Results,"21171 Main St NE, Aurora, OR 97002",Aurora,OR,(503) 995-1929
https://www.hrblock.com/tax-office-near-me/oregon/sherwood/36311/?otppartnerid=9308&campaignid=pw_mcm_9308_9762&utm_medium=local,Results,"20649-20685, 20649 SW Roy Rogers Rd, Sherwood, OR 97140",Sherwood,OR,(503) 625-5176
https://www.hrblock.com/tax-office-near-me/oregon/canby/36219/?otppartnerid=9308&campaignid=pw_mcm_9308_9762&utm_medium=local,Results,"1109 SW 1st Ave Ste E, Canby, OR 97013",Canby,OR,(503) 266-7847
http://www.molvicpa.com/,MOLVI CPA LLC,"7340 SW Hunziker Rd #215, Portland, OR 97223",Portland,OR,(503) 477-7074
https://vanbeekco.com/,"Van Beek & Co., LLC","16045 SW Upper Boones Ferry Rd, Portland, OR 97224",Portland,OR,(503) 639-4700
http://www.pittmanbrooks.com/,Pittman & Brooks,"15255 SW 72nd Ave, Tigard, OR 97224",Tigard,OR,(503) 684-9233
https://www.jspcpas.com/,"JSP Accountants, an Archer Lewis firm","1800 Blankenship Rd, West Linn, OR 97068",West Linn,OR,(503) 723-7600
http://www.tiglicpa.com/,Tigli CPA,,Wilsonville,OR,(503) 479-8740
http://mobergcpa.com/,"Michael J. Moberg CPA, LLC","1754 Willamette Falls Dr, West Linn, OR 97068",West Linn,OR,(971) 237-4058
https://www.aprio.com/locations/portland-or/,Aprio,"5885 Meadows Rd, Lake Oswego, OR 97035",Lake Oswego,OR,(503) 697-4118
http://www.culshawcpa.com/,"Culshaw and Company, LLC","15115 SW Sequoia Pkwy # 170, Portland, OR 97224",Portland,OR,(503) 670-8286
http://www.cpasgo.com/,"G&O CPAs, LLC","17685 SW 65th Ave #300, Lake Oswego, OR 97035",Lake Oswego,OR,(503) 657-0187
http://www.traxtoncpa.com/,"Aaron Traxton, CPA","12725 SW 66th Ave #202, Tigard, OR 97223",Tigard,OR,(503) 926-7443
https://hoshicpa.com/,Hoshi CPA,"8625 SW Cascade Ave #260, Beaverton, OR 97008",Beaverton,OR,(503) 388-6580
http://www.lakesidefg.com/,Lakeside Financial Group,"16037 SW Upper Boones Ferry Rd Ste 150, Portland, OR 97224",Portland,OR,(503) 675-0700
